9,33	1
2,48	1
49,32	4
48,47	2
16,29	1
7,2	3
0,6	3
21,49	2
48,4	4
17,28	1
22,38	2
6,48	1
11,15	3
36,34	2
1,31	1
44,7	4
31,6	4
28,44	2
22,39	2
35,19	4
0,29	1
40,21	4
44,0	4
33,31	4
41,29	4
29,2	4
12,47	2
0,22	1
14,28	1
3,14	3
11,6	3
40,22	4
41,26	4
20,37	2
27,32	2
42,9	4
13,24	1
44,16	4
38,20	4
7,40	1
1,41	1
31,0	4
36,34	2
12,26	1
27,39	2
28,45	2
43,0	4
42,0	4
31,3	4
31,17	4
21,46	2
3,23	1
19,34	1
11,0	3
12,16	3
10,29	1
15,35	1
46,2	4
15,14	3
15,21	1
49,43	2
0,0	3
35,9	4
42,5	4
10,25	1
32,21	4
48,48	2
47,29	4
1,17	3
27,6	4
16,6	3
9,46	2
18,14	3
6,1	3
46,37	4
44,13	4
29,48	2
49,2	4
16,49	2
21,4	3
17,38	2
29,26	4
25,8	4
34,21	4
44,10	4
9,34	1
30,7	4
35,43	2
39,32	4
41,46	2
6,40	1
1,12	3
21,17	3
24,47	2
15,11	3
17,21	1
2,38	1
29,30	4
30,30	4
4,22	1
