9,33	2
2,48	2
49,32	4
48,47	4
16,29	2
7,2	3
0,6	3
21,49	4
48,4	1
17,28	2
22,38	4
6,48	2
11,15	3
36,34	4
1,31	2
44,7	1
31,6	1
28,44	4
22,39	4
35,19	1
0,29	2
40,21	1
44,0	1
33,31	4
41,29	4
29,2	1
12,47	2
0,22	2
14,28	2
3,14	3
11,6	3
40,22	1
41,26	4
20,37	2
27,32	4
42,9	1
13,24	2
44,16	1
38,20	1
7,40	2
1,41	2
31,0	1
36,34	4
12,26	2
27,39	4
28,45	4
43,0	1
42,0	1
31,3	1
31,17	1
21,46	4
3,23	2
19,34	2
11,0	3
12,16	3
10,29	2
15,35	2
46,2	1
15,14	3
15,21	3
49,43	4
0,0	3
35,9	1
42,5	1
10,25	2
32,21	1
48,48	4
47,29	4
1,17	3
27,6	1
16,6	3
9,46	2
18,14	3
6,1	3
46,37	4
44,13	1
29,48	4
49,2	1
16,49	2
21,4	3
17,38	2
29,26	4
25,8	1
34,21	1
44,10	1
9,34	2
30,7	1
35,43	4
39,32	4
41,46	4
6,40	2
1,12	3
21,17	3
24,47	4
15,11	3
17,21	3
2,38	2
29,30	4
30,30	4
4,22	2
