9,33	1
2,48	1
49,32	3
48,47	3
16,29	5
7,2	2
0,6	2
21,49	6
48,4	4
17,28	5
22,38	6
6,48	1
11,15	5
36,34	3
1,31	1
44,7	4
31,6	4
28,44	6
22,39	6
35,19	4
0,29	1
40,21	4
44,0	4
33,31	3
41,29	3
29,2	4
12,47	1
0,22	5
14,28	5
3,14	2
11,6	2
40,22	4
41,26	3
20,37	6
27,32	6
42,9	4
13,24	5
44,16	4
38,20	4
7,40	1
1,41	1
31,0	4
36,34	3
12,26	5
27,39	6
28,45	6
43,0	4
42,0	4
31,3	4
31,17	4
21,46	6
3,23	5
19,34	6
11,0	2
12,16	5
10,29	5
15,35	6
46,2	4
15,14	2
15,21	5
49,43	3
0,0	2
35,9	4
42,5	4
10,25	5
32,21	4
48,48	3
47,29	3
1,17	5
27,6	4
16,6	2
9,46	1
18,14	2
6,1	2
46,37	3
44,13	4
29,48	6
49,2	4
16,49	6
21,4	2
17,38	6
29,26	3
25,8	4
34,21	4
44,10	4
9,34	1
30,7	4
35,43	3
39,32	3
41,46	3
6,40	1
1,12	2
21,17	5
24,47	6
15,11	2
17,21	5
2,38	1
29,30	3
30,30	3
4,22	5
